1112122233000000
1112122230300000
1112122230030000
1112122230003000
1112122230000300
1112122230000030
1112122230000003
1112122203300000
1112122203030000
1112122203003000
1112122203000300
1112122203000030
1112122203000003
1112122200330000
1112122200303000
1112122200300300
1112122200300030
1112122200300003
1112122200033000
1112122200030300
1112122200030030
1112122200030003
1112122200003300
1112122200003030
1112122200003003
1112122200000330
1112122200000303
1112122200000033
1112133200220000
1112130230220000
1112130203220000
1112130200223000
1112130200220300
1112130200220030
1112130200220003
1112103230220000
1112103203220000
1112103200223000
1112103200220300
1112103200220030
1112103200220003
1112100233220000
1112100230223000
1112100230220300
1112100230220030
1112100230220003
1112100203223000
1112100203220300
1112100203220030
1112100203220003
1112100200223300
1112100200223030
1112100200223003
1112100200220330
1112100200220303
1112100200220033
1113122232000000
1113122202300000
1113122202030000
1113122202003000
1113122202000300
1113122202000030
1113122202000003
1110122232300000
1110122232030000
1110122232003000
1110122232000300
1110122232000030
1110122232000003
1110122202330000
1110122202303000
1110122202300300
1110122202300030
1110122202300003
1110122202033000
1110122202030300
1110122202030030
1110122202030003
1110122202003300
1110122202003030
1110122202003003
1110122202000330
1110122202000303
1110122202000033
1113122230020000
1113122203020000
1113122200320000
1113122200023000
1113122200020300
1113122200020030
1113122200020003
1110122233020000
1110122230320000
1110122230023000
1110122230020300
1110122230020030
1110122230020003
1110122203320000
1110122203023000
1110122203020300
1110122203020030
1110122203020003
1110122200323000
1110122200320300
1110122200320030
1110122200320003
1110122200023300
1110122200023030
1110122200023003
1110122200020330
1110122200020303
1110122200020033
1113122302000200
1113122032000200
1113122002300200
1113122002030200
1113122002003200
1113122002000230
1113122002000203
1110122332000200
1110122302300200
1110122302030200
1110122302003200
1110122302000230
1110122302000203
1110122032300200
1110122032030200
1110122032003200
1110122032000230
1110122032000203
1110122002330200
1110122002303200
1110122002300230
1110122002300203
1110122002033200
1110122002030230
1110122002030203
1110122002003230
1110122002003203
1110122002000233
1113122300200020
1113122030200020
1113122003200020
1113122000230020
1113122000203020
1113122000200320
1113122000200023
1110122330200020
1110122303200020
1110122300230020
1110122300203020
1110122300200320
1110122300200023
1110122033200020
1110122030230020
1110122030203020
1110122030200320
1110122030200023
1110122003230020
1110122003203020
1110122003200320
1110122003200023
1110122000233020
1110122000230320
1110122000230023
1110122000203320
1110122000203023
1110122000200323
1113123002220000
1113120302220000
1113120032220000
1113120002223000
1113120002220300
1113120002220030
1113120002220003
1110123302220000
1110123032220000
1110123002223000
1110123002220300
1110123002220030
1110123002220003
1110120332220000
1110120302223000
1110120302220300
1110120302220030
1110120302220003
1110120032223000
1110120032220300
1110120032220030
1110120032220003
1110120002223300
1110120002223030
1110120002223003
1110120002220330
1110120002220303
1110120002220033
1113123002002200
1113120302002200
1113120032002200
1113120002302200
1113120002032200
1113120002002230
1113120002002203
1110123302002200
1110123032002200
1110123002302200
1110123002032200
1110123002002230
1110123002002203
1110120332002200
1110120302302200
1110120302032200
1110120302002230
1110120302002203
1110120032302200
1110120032032200
1110120032002230
1110120032002203
1110120002332200
1110120002302230
1110120002302203
1110120002032230
1110120002032203
1110120002002233
1113123002000220
1113120302000220
1113120032000220
1113120002300220
1113120002030220
1113120002003220
1113120002000223
1110123302000220
1110123032000220
1110123002300220
1110123002030220
1110123002003220
1110123002000223
1110120332000220
1110120302300220
1110120302030220
1110120302003220
1110120302000223
1110120032300220
1110120032030220
1110120032003220
1110120032000223
1110120002330220
1110120002303220
1110120002300223
1110120002033220
1110120002030223
1110120002003223
1113132200200020
1113102230200020
1113102203200020
1113102200230020
1113102200203020
1113102200200320
1113102200200023
1110132230200020
1110132203200020
1110132200230020
1110132200203020
1110132200200320
1110132200200023
1110102233200020
1110102230230020
1110102230203020
1110102230200320
1110102230200023
1110102203230020
1110102203203020
1110102203200320
1110102203200023
1110102200233020
1110102200230320
1110102200230023
1110102200203320
1110102200203023
1110102200200323
1113132200020002
1113102230020002
1113102203020002
1113102200320002
1113102200023002
1113102200020302
1113102200020032
1110132230020002
1110132203020002
1110132200320002
1110132200023002
1110132200020302
1110132200020032
1110102233020002
1110102230320002
1110102230023002
1110102230020302
1110102230020032
1110102203320002
1110102203023002
1110102203020302
1110102203020032
1110102200323002
1110102200320302
1110102200320032
1110102200023302
1110102200023032
1110102200020332
1113132022200000
1113102322200000
1113102022230000
1113102022203000
1113102022200300
1113102022200030
1113102022200003
1110132322200000
1110132022230000
1110132022203000
1110132022200300
1110132022200030
1110132022200003
1110102322230000
1110102322203000
1110102322200300
1110102322200030
1110102322200003
1110102022233000
1110102022230300
1110102022230030
1110102022230003
1110102022203300
1110102022203030
1110102022203003
1110102022200330
1110102022200303
1110102022200033
1113132000200220
1113102300200220
1113102030200220
1113102003200220
1113102000230220
1113102000203220
1113102000200223
1110132300200220
1110132030200220
1110132003200220
1110132000230220
1110132000203220
1110132000200223
1110102330200220
1110102303200220
1110102300230220
1110102300203220
1110102300200223
1110102033200220
1110102030230220
1110102030203220
1110102030200223
1110102003230220
1110102003203220
1110102003200223
1110102000233220
1110102000230223
1110102000203223
1113132000200022
1113102300200022
1113102030200022
1113102003200022
1113102000230022
1113102000203022
1113102000200322
1110132300200022
1110132030200022
1110132003200022
1110132000230022
1110132000203022
1110132000200322
1110102330200022
1110102303200022
1110102300230022
1110102300203022
1110102300200322
1110102033200022
1110102030230022
1110102030203022
1110102030200322
1110102003230022
1110102003203022
1110102003200322
1110102000233022
1110102000230322
1110102000203322
1113130202220000
1113103202220000
1113100232220000
1113100202223000
1113100202220300
1113100202220030
1113100202220003
1110133202220000
1110130232220000
1110130202223000
1110130202220300
1110130202220030
1110130202220003
1110103232220000
1110103202223000
1110103202220300
1110103202220030
1110103202220003
1110100232223000
1110100232220300
1110100232220030
1110100232220003
1110100202223300
1110100202223030
1110100202223003
1110100202220330
1110100202220303
1110100202220033
1113130200020022
1113103200020022
1113100230020022
1113100203020022
1113100200320022
1113100200023022
1113100200020322
1110133200020022
1110130230020022
1110130203020022
1110130200320022
1110130200023022
1110130200020322
1110103230020022
1110103203020022
1110103200320022
1110103200023022
1110103200020322
1110100233020022
1110100230320022
1110100230023022
1110100230020322
1110100203320022
1110100203023022
1110100203020322
1110100200323022
1110100200320322
1110100200023322
1113130022202000
1113103022202000
1113100322202000
1113100022232000
1113100022202300
1113100022202030
1113100022202003
1110133022202000
1110130322202000
1110130022232000
1110130022202300
1110130022202030
1110130022202003
1110103322202000
1110103022232000
1110103022202300
1110103022202030
1110103022202003
1110100322232000
1110100322202300
1110100322202030
1110100322202003
1110100022232300
1110100022232030
1110100022232003
1110100022202330
1110100022202303
1110100022202033
1113130022200020
1113103022200020
1113100322200020
1113100022230020
1113100022203020
1113100022200320
1113100022200023
1110133022200020
1110130322200020
1110130022230020
1110130022203020
1110130022200320
1110130022200023
1110103322200020
1110103022230020
1110103022203020
1110103022200320
1110103022200023
1110100322230020
1110100322203020
1110100322200320
1110100322200023
1110100022233020
1110100022230320
1110100022230023
1110100022203320
1110100022203023
1110100022200323
1113130020002220
1113103020002220
1113100320002220
1113100023002220
1113100020302220
1113100020032220
1113100020002223
1110133020002220
1110130320002220
1110130023002220
1110130020302220
1110130020032220
1110130020002223
1110103320002220
1110103023002220
1110103020302220
1110103020032220
1110103020002223
1110100323002220
1110100320302220
1110100320032220
1110100320002223
1110100023302220
1110100023032220
1110100023002223
1110100020332220
1110100020302223
1110100020032223
1113130002220200
1113103002220200
1113100302220200
1113100032220200
1113100002223200
1113100002220230
1113100002220203
1110133002220200
1110130302220200
1110130032220200
1110130002223200
1110130002220230
1110130002220203
1110103302220200
1110103032220200
1110103002223200
1110103002220230
1110103002220203
1110100332220200
1110100302223200
1110100302220230
1110100302220203
1110100032223200
1110100032220230
1110100032220203
1110100002223230
1110100002223203
1110100002220233
1113130002220002
1113103002220002
1113100302220002
1113100032220002
1113100002223002
1113100002220302
1113100002220032
1110133002220002
1110130302220002
1110130032220002
1110130002223002
1110130002220302
1110130002220032
1110103302220002
1110103032220002
1110103002223002
1110103002220302
1110103002220032
1110100332220002
1110100302223002
1110100302220302
1110100302220032
1110100032223002
1110100032220302
1110100032220032
1110100002223302
1110100002223032
1110100002220332
1113130002000222
1113103002000222
1113100302000222
1113100032000222
1113100002300222
1113100002030222
1113100002003222
1110133002000222
1110130302000222
1110130032000222
1110130002300222
1110130002030222
1110130002003222
1110103302000222
1110103032000222
1110103002300222
1110103002030222
1110103002003222
1110100332000222
1110100302300222
1110100302030222
1110100302003222
1110100032300222
1110100032030222
1110100032003222
1110100002330222
1110100002303222
1110100002033222
1113130000202220
1113103000202220
1113100300202220
1113100030202220
1113100003202220
1113100000232220
1113100000202223
1110133000202220
1110130300202220
1110130030202220
1110130003202220
1110130000232220
1110130000202223
1110103300202220
1110103030202220
1110103003202220
1110103000232220
1110103000202223
1110100330202220
1110100303202220
1110100300232220
1110100300202223
1110100033202220
1110100030232220
1110100030202223
1110100003232220
1110100003202223
1110100000232223
1113130000020222
1113103000020222
1113100300020222
1113100030020222
1113100003020222
1113100000320222
1113100000023222
1110133000020222
1110130300020222
1110130030020222
1110130003020222
1110130000320222
1110130000023222
1110103300020222
1110103030020222
1110103003020222
1110103000320222
1110103000023222
1110100330020222
1110100303020222
1110100300320222
1110100300023222
1110100033020222
1110100030320222
1110100030023222
1110100003320222
1110100003023222
1110100000323222
1112331200220000
1112301230220000
1112301203220000
1112301200223000
1112301200220300
1112301200220030
1112301200220003
1112031230220000
1112031203220000
1112031200223000
1112031200220300
1112031200220030
1112031200220003
1112001233220000
1112001230223000
1112001230220300
1112001230220030
1112001230220003
1112001203223000
1112001203220300
1112001203220030
1112001203220003
1112001200223300
1112001200223030
1112001200223003
1112001200220330
1112001200220303
1112001200220033
1113221320002000
1113221023002000
1113221020302000
1113221020032000
1113221020002300
1113221020002030
1113221020002003
1110221323002000
1110221320302000
1110221320032000
1110221320002300
1110221320002030
1110221320002003
1110221023302000
1110221023032000
1110221023002300
1110221023002030
1110221023002003
1110221020332000
1110221020302300
1110221020302030
1110221020302003
1110221020032300
1110221020032030
1110221020032003
1110221020002330
1110221020002303
1110221020002033
1113221302000200
1113221032000200
1113221002300200
1113221002030200
1113221002003200
1113221002000230
1113221002000203
1110221332000200
1110221302300200
1110221302030200
1110221302003200
1110221302000230
1110221302000203
1110221032300200
1110221032030200
1110221032003200
1110221032000230
1110221032000203
1110221002330200
1110221002303200
1110221002300230
1110221002300203
1110221002033200
1110221002030230
1110221002030203
1110221002003230
1110221002003203
1110221002000233
1113231022200000
1113201322200000
1113201022230000
1113201022203000
1113201022200300
1113201022200030
1113201022200003
1110231322200000
1110231022230000
1110231022203000
1110231022200300
1110231022200030
1110231022200003
1110201322230000
1110201322203000
1110201322200300
1110201322200030
1110201322200003
1110201022233000
1110201022230300
1110201022230030
1110201022230003
1110201022203300
1110201022203030
1110201022203003
1110201022200330
1110201022200303
1110201022200033
1113231020002200
1113201320002200
1113201023002200
1113201020302200
1113201020032200
1113201020002230
1113201020002203
1110231320002200
1110231023002200
1110231020302200
1110231020032200
1110231020002230
1110231020002203
1110201323002200
1110201320302200
1110201320032200
1110201320002230
1110201320002203
1110201023302200
1110201023032200
1110201023002230
1110201023002203
1110201020332200
1110201020302230
1110201020302203
1110201020032230
1110201020032203
1110201020002233
1113321002220000
1113021302220000
1113021032220000
1113021002223000
1113021002220300
1113021002220030
1113021002220003
1110321302220000
1110321032220000
1110321002223000
1110321002220300
1110321002220030
1110321002220003
1110021332220000
1110021302223000
1110021302220300
1110021302220030
1110021302220003
1110021032223000
1110021032220300
1110021032220030
1110021032220003
1110021002223300
1110021002223030
1110021002223003
1110021002220330
1110021002220303
1110021002220033
1113321002002200
1113021302002200
1113021032002200
1113021002302200
1113021002032200
1113021002002230
1113021002002203
1110321302002200
1110321032002200
1110321002302200
1110321002032200
1110321002002230
1110321002002203
1110021332002200
1110021302302200
1110021302032200
1110021302002230
1110021302002203
1110021032302200
1110021032032200
1110021032002230
1110021032002203
1110021002332200
1110021002302230
1110021002302203
1110021002032230
1110021002032203
1110021002002233
1113321002000220
1113021302000220
1113021032000220
1113021002300220
1113021002030220
1113021002003220
1113021002000223
1110321302000220
1110321032000220
1110321002300220
1110321002030220
1110321002003220
1110321002000223
1110021332000220
1110021302300220
1110021302030220
1110021302003220
1110021302000223
1110021032300220
1110021032030220
1110021032003220
1110021032000223
1110021002330220
1110021002303220
1110021002300223
1110021002033220
1110021002030223
1110021002003223
1113301202220000
1113031202220000
1113001232220000
1113001202223000
1113001202220300
1113001202220030
1113001202220003
1110331202220000
1110301232220000
1110301202223000
1110301202220300
1110301202220030
1110301202220003
1110031232220000
1110031202223000
1110031202220300
1110031202220030
1110031202220003
1110001232223000
1110001232220300
1110001232220030
1110001232220003
1110001202223300
1110001202223030
1110001202223003
1110001202220330
1110001202220303
1110001202220033
1113301200020022
1113031200020022
1113001230020022
1113001203020022
1113001200320022
1113001200023022
1113001200020322
1110331200020022
1110301230020022
1110301203020022
1110301200320022
1110301200023022
1110301200020322
1110031230020022
1110031203020022
1110031200320022
1110031200023022
1110031200020322
1110001233020022
1110001230320022
1110001230023022
1110001230020322
1110001203320022
1110001203023022
1110001203020322
1110001200323022
1110001200320322
1110001200023322
1113301022202000
1113031022202000
1113001322202000
1113001022232000
1113001022202300
1113001022202030
1113001022202003
1110331022202000
1110301322202000
1110301022232000
1110301022202300
1110301022202030
1110301022202003
1110031322202000
1110031022232000
1110031022202300
1110031022202030
1110031022202003
1110001322232000
1110001322202300
1110001322202030
1110001322202003
1110001022232300
1110001022232030
1110001022232003
1110001022202330
1110001022202303
1110001022202033
1113301022200020
1113031022200020
1113001322200020
1113001022230020
1113001022203020
1113001022200320
1113001022200023
1110331022200020
1110301322200020
1110301022230020
1110301022203020
1110301022200320
1110301022200023
1110031322200020
1110031022230020
1110031022203020
1110031022200320
1110031022200023
1110001322230020
1110001322203020
1110001322200320
1110001322200023
1110001022233020
1110001022230320
1110001022230023
1110001022203320
1110001022203023
1110001022200323
1113301020002220
1113031020002220
1113001320002220
1113001023002220
1113001020302220
1113001020032220
1113001020002223
1110331020002220
1110301320002220
1110301023002220
1110301020302220
1110301020032220
1110301020002223
1110031320002220
1110031023002220
1110031020302220
1110031020032220
1110031020002223
1110001323002220
1110001320302220
1110001320032220
1110001320002223
1110001023302220
1110001023032220
1110001023002223
1110001020332220
1110001020302223
1110001020032223
1113301002220200
1113031002220200
1113001302220200
1113001032220200
1113001002223200
1113001002220230
1113001002220203
1110331002220200
1110301302220200
1110301032220200
1110301002223200
1110301002220230
1110301002220203
1110031302220200
1110031032220200
1110031002223200
1110031002220230
1110031002220203
1110001332220200
1110001302223200
1110001302220230
1110001302220203
1110001032223200
1110001032220230
1110001032220203
1110001002223230
1110001002223203
1110001002220233
1113301002220002
1113031002220002
1113001302220002
1113001032220002
1113001002223002
1113001002220302
1113001002220032
1110331002220002
1110301302220002
1110301032220002
1110301002223002
1110301002220302
1110301002220032
1110031302220002
1110031032220002
1110031002223002
1110031002220302
1110031002220032
1110001332220002
1110001302223002
1110001302220302
1110001302220032
1110001032223002
1110001032220302
1110001032220032
1110001002223302
1110001002223032
1110001002220332
1113301002000222
1113031002000222
1113001302000222
1113001032000222
1113001002300222
1113001002030222
1113001002003222
1110331002000222
1110301302000222
1110301032000222
1110301002300222
1110301002030222
1110301002003222
1110031302000222
1110031032000222
1110031002300222
1110031002030222
1110031002003222
1110001332000222
1110001302300222
1110001302030222
1110001302003222
1110001032300222
1110001032030222
1110001032003222
1110001002330222
1110001002303222
1110001002033222
1113301000202220
1113031000202220
1113001300202220
1113001030202220
1113001003202220
1113001000232220
1113001000202223
1110331000202220
1110301300202220
1110301030202220
1110301003202220
1110301000232220
1110301000202223
1110031300202220
1110031030202220
1110031003202220
1110031000232220
1110031000202223
1110001330202220
1110001303202220
1110001300232220
1110001300202223
1110001033202220
1110001030232220
1110001030202223
1110001003232220
1110001003202223
1110001000232223
1113301000020222
1113031000020222
1113001300020222
1113001030020222
1113001003020222
1113001000320222
1113001000023222
1110331000020222
1110301300020222
1110301030020222
1110301003020222
1110301000320222
1110301000023222
1110031300020222
1110031030020222
1110031003020222
1110031000320222
1110031000023222
1110001330020222
1110001303020222
1110001300320222
1110001300023222
1110001033020222
1110001030320222
1110001030023222
1110001003320222
1110001003023222
1110001000323222
1122132310200000
1122132013200000
1122132010230000
1122132010203000
1122132010200300
1122132010200030
1122132010200003
1122102313200000
1122102310230000
1122102310203000
1122102310200300
1122102310200030
1122102310200003
1122102013230000
1122102013203000
1122102013200300
1122102013200030
1122102013200003
1122102010233000
1122102010230300
1122102010230030
1122102010230003
1122102010203300
1122102010203030
1122102010203003
1122102010200330
1122102010200303
1122102010200033
1122133210020000
1122130213020000
1122130210320000
1122130210023000
1122130210020300
1122130210020030
1122130210020003
1122103213020000
1122103210320000
1122103210023000
1122103210020300
1122103210020030
1122103210020003
1122100213320000
1122100213023000
1122100213020300
1122100213020030
1122100213020003
1122100210323000
1122100210320300
1122100210320030
1122100210320003
1122100210023300
1122100210023030
1122100210023003
1122100210020330
1122100210020303
1122100210020033
1123132012200000
1123102312200000
1123102012230000
1123102012203000
1123102012200300
1123102012200030
1123102012200003
1120132312200000
1120132012230000
1120132012203000
1120132012200300
1120132012200030
1120132012200003
1120102312230000
1120102312203000
1120102312200300
1120102312200030
1120102312200003
1120102012233000
1120102012230300
1120102012230030
1120102012230003
1120102012203300
1120102012203030
1120102012203003
1120102012200330
1120102012200303
1120102012200033
1123132010220000
1123102310220000
1123102013220000
1123102010223000
1123102010220300
1123102010220030
1123102010220003
1120132310220000
1120132013220000
1120132010223000
1120132010220300
1120132010220030
1120132010220003
1120102313220000
1120102310223000
1120102310220300
1120102310220030
1120102310220003
1120102013223000
1120102013220300
1120102013220030
1120102013220003
1120102010223300
1120102010223030
1120102010223003
1120102010220330
1120102010220303
1120102010220033
1132122213000000
1132122210300000
1132122210030000
1132122210003000
1132122210000300
1132122210000030
1132122210000003
1102122213300000
1102122213030000
1102122213003000
1102122213000300
1102122213000030
1102122213000003
1102122210330000
1102122210303000
1102122210300300
1102122210300030
1102122210300003
1102122210033000
1102122210030300
1102122210030030
1102122210030003
1102122210003300
1102122210003030
1102122210003003
1102122210000330
1102122210000303
1102122210000033
1132130210220000
1132103210220000
1132100213220000
1132100210223000
1132100210220300
1132100210220030
1132100210220003
1102133210220000
1102130213220000
1102130210223000
1102130210220300
1102130210220030
1102130210220003
1102103213220000
1102103210223000
1102103210220300
1102103210220030
1102103210220003
1102100213223000
1102100213220300
1102100213220030
1102100213220003
1102100210223300
1102100210223030
1102100210223003
1102100210220330
1102100210220303
1102100210220033
1133122212000000
1130122212300000
1130122212030000
1130122212003000
1130122212000300
1130122212000030
1130122212000003
1103122212300000
1103122212030000
1103122212003000
1103122212000300
1103122212000030
1103122212000003
1100122212330000
1100122212303000
1100122212300300
1100122212300030
1100122212300003
1100122212033000
1100122212030300
1100122212030030
1100122212030003
1100122212003300
1100122212003030
1100122212003003
1100122212000330
1100122212000303
1100122212000033
1133122210020000
1130122213020000
1130122210320000
1130122210023000
1130122210020300
1130122210020030
1130122210020003
1103122213020000
1103122210320000
1103122210023000
1103122210020300
1103122210020030
1103122210020003
1100122213320000
1100122213023000
1100122213020300
1100122213020030
1100122213020003
1100122210323000
1100122210320300
1100122210320030
1100122210320003
1100122210023300
1100122210023030
1100122210023003
1100122210020330
1100122210020303
1100122210020033
1133122012000200
1130122312000200
1130122012300200
1130122012030200
1130122012003200
1130122012000230
1130122012000203
1103122312000200
1103122012300200
1103122012030200
1103122012003200
1103122012000230
1103122012000203
1100122312300200
1100122312030200
1100122312003200
1100122312000230
1100122312000203
1100122012330200
1100122012303200
1100122012300230
1100122012300203
1100122012033200
1100122012030230
1100122012030203
1100122012003230
1100122012003203
1100122012000233
1133122010200020
1130122310200020
1130122013200020
1130122010230020
1130122010203020
1130122010200320
1130122010200023
1103122310200020
1103122013200020
1103122010230020
1103122010203020
1103122010200320
1103122010200023
1100122313200020
1100122310230020
1100122310203020
1100122310200320
1100122310200023
1100122013230020
1100122013203020
1100122013200320
1100122013200023
1100122010233020
1100122010230320
1100122010230023
1100122010203320
1100122010203023
1100122010200323
1133120012220000
1130123012220000
1130120312220000
1130120012223000
1130120012220300
1130120012220030
1130120012220003
1103123012220000
1103120312220000
1103120012223000
1103120012220300
1103120012220030
1103120012220003
1100123312220000
1100123012223000
1100123012220300
1100123012220030
1100123012220003
1100120312223000
1100120312220300
1100120312220030
1100120312220003
1100120012223300
1100120012223030
1100120012223003
1100120012220330
1100120012220303
1100120012220033
1133120012002200
1130123012002200
1130120312002200
1130120012302200
1130120012032200
1130120012002230
1130120012002203
1103123012002200
1103120312002200
1103120012302200
1103120012032200
1103120012002230
1103120012002203
1100123312002200
1100123012302200
1100123012032200
1100123012002230
1100123012002203
1100120312302200
1100120312032200
1100120312002230
1100120312002203
1100120012332200
1100120012302230
1100120012302203
1100120012032230
1100120012032203
1100120012002233
1133120012000220
1130123012000220
1130120312000220
1130120012300220
1130120012030220
1130120012003220
1130120012000223
1103123012000220
1103120312000220
1103120012300220
1103120012030220
1103120012003220
1103120012000223
1100123312000220
1100123012300220
1100123012030220
1100123012003220
1100123012000223
1100120312300220
1100120312030220
1100120312003220
1100120312000223
1100120012330220
1100120012303220
1100120012300223
1100120012033220
1100120012030223
1100120012003223
1133102210200020
1130132210200020
1130102213200020
1130102210230020
1130102210203020
1130102210200320
1130102210200023
1103132210200020
1103102213200020
1103102210230020
1103102210203020
1103102210200320
1103102210200023
1100132213200020
1100132210230020
1100132210203020
1100132210200320
1100132210200023
1100102213230020
1100102213203020
1100102213200320
1100102213200023
1100102210233020
1100102210230320
1100102210230023
1100102210203320
1100102210203023
1100102210200323
1133102210020002
1130132210020002
1130102213020002
1130102210320002
1130102210023002
1130102210020302
1130102210020032
1103132210020002
1103102213020002
1103102210320002
1103102210023002
1103102210020302
1103102210020032
1100132213020002
1100132210320002
1100132210023002
1100132210020302
1100132210020032
1100102213320002
1100102213023002
1100102213020302
1100102213020032
1100102210323002
1100102210320302
1100102210320032
1100102210023302
1100102210023032
1100102210020332
1133102010200220
1130132010200220
1130102310200220
1130102013200220
1130102010230220
1130102010203220
1130102010200223
1103132010200220
1103102310200220
1103102013200220
1103102010230220
1103102010203220
1103102010200223
1100132310200220
1100132013200220
1100132010230220
1100132010203220
1100132010200223
1100102313200220
1100102310230220
1100102310203220
1100102310200223
1100102013230220
1100102013203220
1100102013200223
1100102010233220
1100102010230223
1100102010203223
1133102010200022
1130132010200022
1130102310200022
1130102013200022
1130102010230022
1130102010203022
1130102010200322
1103132010200022
1103102310200022
1103102013200022
1103102010230022
1103102010203022
1103102010200322
1100132310200022
1100132013200022
1100132010230022
1100132010203022
1100132010200322
1100102313200022
1100102310230022
1100102310203022
1100102310200322
1100102013230022
1100102013203022
1100102013200322
1100102010233022
1100102010230322
1100102010203322
1133100212220000
1130130212220000
1130103212220000
1130100212223000
1130100212220300
1130100212220030
1130100212220003
1103130212220000
1103103212220000
1103100212223000
1103100212220300
1103100212220030
1103100212220003
1100133212220000
1100130212223000
1100130212220300
1100130212220030
1100130212220003
1100103212223000
1100103212220300
1100103212220030
1100103212220003
1100100212223300
1100100212223030
1100100212223003
1100100212220330
1100100212220303
1100100212220033
1133100210020022
1130130210020022
1130103210020022
1130100213020022
1130100210320022
1130100210023022
1130100210020322
1103130210020022
1103103210020022
1103100213020022
1103100210320022
1103100210023022
1103100210020322
1100133210020022
1100130213020022
1100130210320022
1100130210023022
1100130210020322
1100103213020022
1100103210320022
1100103210023022
1100103210020322
1100100213320022
1100100213023022
1100100213020322
1100100210323022
1100100210320322
1100100210023322
1133100012220200
1130130012220200
1130103012220200
1130100312220200
1130100012223200
1130100012220230
1130100012220203
1103130012220200
1103103012220200
1103100312220200
1103100012223200
1103100012220230
1103100012220203
1100133012220200
1100130312220200
1100130012223200
1100130012220230
1100130012220203
1100103312220200
1100103012223200
1100103012220230
1100103012220203
1100100312223200
1100100312220230
1100100312220203
1100100012223230
1100100012223203
1100100012220233
1133100012220002
1130130012220002
1130103012220002
1130100312220002
1130100012223002
1130100012220302
1130100012220032
1103130012220002
1103103012220002
1103100312220002
1103100012223002
1103100012220302
1103100012220032
1100133012220002
1100130312220002
1100130012223002
1100130012220302
1100130012220032
1100103312220002
1100103012223002
1100103012220302
1100103012220032
1100100312223002
1100100312220302
1100100312220032
1100100012223302
1100100012223032
1100100012220332
1133100012000222
1130130012000222
1130103012000222
1130100312000222
1130100012300222
1130100012030222
1130100012003222
1103130012000222
1103103012000222
1103100312000222
1103100012300222
1103100012030222
1103100012003222
1100133012000222
1100130312000222
1100130012300222
1100130012030222
1100130012003222
1100103312000222
1100103012300222
1100103012030222
1100103012003222
1100100312300222
1100100312030222
1100100312003222
1100100012330222
1100100012303222
1100100012033222
1133100010202220
1130130010202220
1130103010202220
1130100310202220
1130100013202220
1130100010232220
1130100010202223
1103130010202220
1103103010202220
1103100310202220
1103100013202220
1103100010232220
1103100010202223
1100133010202220
1100130310202220
1100130013202220
1100130010232220
1100130010202223
1100103310202220
1100103013202220
1100103010232220
1100103010202223
1100100313202220
1100100310232220
1100100310202223
1100100013232220
1100100013202223
1100100010232223
1133100010020222
1130130010020222
1130103010020222
1130100310020222
1130100013020222
1130100010320222
1130100010023222
1103130010020222
1103103010020222
1103100310020222
1103100013020222
1103100010320222
1103100010023222
1100133010020222
1100130310020222
1100130013020222
1100130010320222
1100130010023222
1100103310020222
1100103013020222
1100103010320222
1100103010023222
1100100313020222
1100100310320222
1100100310023222
1100100013320222
1100100013023222
1100100010323222
1122312301200000
1122312031200000
1122312001230000
1122312001203000
1122312001200300
1122312001200030
1122312001200003
1122012331200000
1122012301230000
1122012301203000
1122012301200300
1122012301200030
1122012301200003
1122012031230000
1122012031203000
1122012031200300
1122012031200030
1122012031200003
1122012001233000
1122012001230300
1122012001230030
1122012001230003
1122012001203300
1122012001203030
1122012001203003
1122012001200330
1122012001200303
1122012001200033
1122313201020000
1122310231020000
1122310201320000
1122310201023000
1122310201020300
1122310201020030
1122310201020003
1122013231020000
1122013201320000
1122013201023000
1122013201020300
1122013201020030
1122013201020003
1122010231320000
1122010231023000
1122010231020300
1122010231020030
1122010231020003
1122010201323000
1122010201320300
1122010201320030
1122010201320003
1122010201023300
1122010201023030
1122010201023003
1122010201020330
1122010201020303
1122010201020033
1123312001220000
1123012301220000
1123012031220000
1123012001223000
1123012001220300
1123012001220030
1123012001220003
1120312301220000
1120312031220000
1120312001223000
1120312001220300
1120312001220030
1120312001220003
1120012331220000
1120012301223000
1120012301220300
1120012301220030
1120012301220003
1120012031223000
1120012031220300
1120012031220030
1120012031220003
1120012001223300
1120012001223030
1120012001223003
1120012001220330
1120012001220303
1120012001220033
1132310201220000
1132013201220000
1132010231220000
1132010201223000
1132010201220300
1132010201220030
1132010201220003
1102313201220000
1102310231220000
1102310201223000
1102310201220300
1102310201220030
1102310201220003
1102013231220000
1102013201223000
1102013201220300
1102013201220030
1102013201220003
1102010231223000
1102010231220300
1102010231220030
1102010231220003
1102010201223300
1102010201223030
1102010201223003
1102010201220330
1102010201220303
1102010201220033
1133210021002200
1130213021002200
1130210321002200
1130210021302200
1130210021032200
1130210021002230
1130210021002203
1103213021002200
1103210321002200
1103210021302200
1103210021032200
1103210021002230
1103210021002203
1100213321002200
1100213021302200
1100213021032200
1100213021002230
1100213021002203
1100210321302200
1100210321032200
1100210321002230
1100210321002203
1100210021332200
1100210021302230
1100210021302203
1100210021032230
1100210021032203
1100210021002233
1133012201200020
1130312201200020
1130012231200020
1130012201230020
1130012201203020
1130012201200320
1130012201200023
1103312201200020
1103012231200020
1103012201230020
1103012201203020
1103012201200320
1103012201200023
1100312231200020
1100312201230020
1100312201203020
1100312201200320
1100312201200023
1100012231230020
1100012231203020
1100012231200320
1100012231200023
1100012201233020
1100012201230320
1100012201230023
1100012201203320
1100012201203023
1100012201200323
1133012201020002
1130312201020002
1130012231020002
1130012201320002
1130012201023002
1130012201020302
1130012201020032
1103312201020002
1103012231020002
1103012201320002
1103012201023002
1103012201020302
1103012201020032
1100312231020002
1100312201320002
1100312201023002
1100312201020302
1100312201020032
1100012231320002
1100012231023002
1100012231020302
1100012231020032
1100012201323002
1100012201320302
1100012201320032
1100012201023302
1100012201023032
1100012201020332
1133012001200220
1130312001200220
1130012301200220
1130012031200220
1130012001230220
1130012001203220
1130012001200223
1103312001200220
1103012301200220
1103012031200220
1103012001230220
1103012001203220
1103012001200223
1100312301200220
1100312031200220
1100312001230220
1100312001203220
1100312001200223
1100012331200220
1100012301230220
1100012301203220
1100012301200223
1100012031230220
1100012031203220
1100012031200223
1100012001233220
1100012001230223
1100012001203223
1133012001200022
1130312001200022
1130012301200022
1130012031200022
1130012001230022
1130012001203022
1130012001200322
1103312001200022
1103012301200022
1103012031200022
1103012001230022
1103012001203022
1103012001200322
1100312301200022
1100312031200022
1100312001230022
1100312001203022
1100312001200322
1100012331200022
1100012301230022
1100012301203022
1100012301200322
1100012031230022
1100012031203022
1100012031200322
1100012001233022
1100012001230322
1100012001203322
1133010201020022
1130310201020022
1130013201020022
1130010231020022
1130010201320022
1130010201023022
1130010201020322
1103310201020022
1103013201020022
1103010231020022
1103010201320022
1103010201023022
1103010201020322
1100313201020022
1100310231020022
1100310201320022
1100310201023022
1100310201020322
1100013231020022
1100013201320022
1100013201023022
1100013201020322
1100010231320022
1100010231023022
1100010231020322
1100010201323022
1100010201320322
1100010201023322
1133010021002220
1130310021002220
1130013021002220
1130010321002220
1130010021302220
1130010021032220
1130010021002223
1103310021002220
1103013021002220
1103010321002220
1103010021302220
1103010021032220
1103010021002223
1100313021002220
1100310321002220
1100310021302220
1100310021032220
1100310021002223
1100013321002220
1100013021302220
1100013021032220
1100013021002223
1100010321302220
1100010321032220
1100010321002223
1100010021332220
1100010021302223
1100010021032223
1133010001202220
1130310001202220
1130013001202220
1130010301202220
1130010031202220
1130010001232220
1130010001202223
1103310001202220
1103013001202220
1103010301202220
1103010031202220
1103010001232220
1103010001202223
1100313001202220
1100310301202220
1100310031202220
1100310001232220
1100310001202223
1100013301202220
1100013031202220
1100013001232220
1100013001202223
1100010331202220
1100010301232220
1100010301202223
1100010031232220
1100010031202223
1100010001232223
1133010001020222
1130310001020222
1130013001020222
1130010301020222
1130010031020222
1130010001320222
1130010001023222
1103310001020222
1103013001020222
1103010301020222
1103010031020222
1103010001320222
1103010001023222
1100313001020222
1100310301020222
1100310031020222
1100310001320222
1100310001023222
1100013301020222
1100013031020222
1100013001320222
1100013001023222
1100010331020222
1100010301320222
1100010301023222
1100010031320222
1100010031023222
1100010001323222
1222111233000000
1222111230300000
1222111230030000
1222111230003000
1222111230000300
1222111230000030
1222111230000003
1222111203300000
1222111203030000
1222111203003000
1222111203000300
1222111203000030
1222111203000003
1222111200330000
1222111200303000
1222111200300300
1222111200300030
1222111200300003
1222111200033000
1222111200030300
1222111200030030
1222111200030003
1222111200003300
1222111200003030
1222111200003003
1222111200000330
1222111200000303
1222111200000033
1322111230020000
1322111203020000
1322111200320000
1322111200023000
1322111200020300
1322111200020030
1322111200020003
1022111233020000
1022111230320000
1022111230023000
1022111230020300
1022111230020030
1022111230020003
1022111203320000
1022111203023000
1022111203020300
1022111203020030
1022111203020003
1022111200323000
1022111200320300
1022111200320030
1022111200320003
1022111200023300
1022111200023030
1022111200023003
1022111200020330
1022111200020303
1022111200020033
1332111200220000
1302111230220000
1302111203220000
1302111200223000
1302111200220300
1302111200220030
1302111200220003
1032111230220000
1032111203220000
1032111200223000
1032111200220300
1032111200220030
1032111200220003
1002111233220000
1002111230223000
1002111230220300
1002111230220030
1002111230220003
1002111203223000
1002111203220300
1002111203220030
1002111203220003
1002111200223300
1002111200223030
1002111200223003
1002111200220330
1002111200220303
1002111200220033
1330111202220000
1303111202220000
1300111232220000
1300111202223000
1300111202220300
1300111202220030
1300111202220003
1033111202220000
1030111232220000
1030111202223000
1030111202220300
1030111202220030
1030111202220003
1003111232220000
1003111202223000
1003111202220300
1003111202220030
1003111202220003
1000111232223000
1000111232220300
1000111232220030
1000111232220003
1000111202223300
1000111202223030
1000111202223003
1000111202220330
1000111202220303
1000111202220033
1330111200020022
1303111200020022
1300111230020022
1300111203020022
1300111200320022
1300111200023022
1300111200020322
1033111200020022
1030111230020022
1030111203020022
1030111200320022
1030111200023022
1030111200020322
1003111230020022
1003111203020022
1003111200320022
1003111200023022
1003111200020322
1000111233020022
1000111230320022
1000111230023022
1000111230020322
1000111203320022
1000111203023022
1000111203020322
1000111200323022
1000111200320322
1000111200023322
1330111022202000
1303111022202000
1300111322202000
1300111022232000
1300111022202300
1300111022202030
1300111022202003
1033111022202000
1030111322202000
1030111022232000
1030111022202300
1030111022202030
1030111022202003
1003111322202000
1003111022232000
1003111022202300
1003111022202030
1003111022202003
1000111322232000
1000111322202300
1000111322202030
1000111322202003
1000111022232300
1000111022232030
1000111022232003
1000111022202330
1000111022202303
1000111022202033
1330111022200020
1303111022200020
1300111322200020
1300111022230020
1300111022203020
1300111022200320
1300111022200023
1033111022200020
1030111322200020
1030111022230020
1030111022203020
1030111022200320
1030111022200023
1003111322200020
1003111022230020
1003111022203020
1003111022200320
1003111022200023
1000111322230020
1000111322203020
1000111322200320
1000111322200023
1000111022233020
1000111022230320
1000111022230023
1000111022203320
1000111022203023
1000111022200323
1330111020002220
1303111020002220
1300111320002220
1300111023002220
1300111020302220
1300111020032220
1300111020002223
1033111020002220
1030111320002220
1030111023002220
1030111020302220
1030111020032220
1030111020002223
1003111320002220
1003111023002220
1003111020302220
1003111020032220
1003111020002223
1000111323002220
1000111320302220
1000111320032220
1000111320002223
1000111023302220
1000111023032220
1000111023002223
1000111020332220
1000111020302223
1000111020032223
1330111002220200
1303111002220200
1300111302220200
1300111032220200
1300111002223200
1300111002220230
1300111002220203
1033111002220200
1030111302220200
1030111032220200
1030111002223200
1030111002220230
1030111002220203
1003111302220200
1003111032220200
1003111002223200
1003111002220230
1003111002220203
1000111332220200
1000111302223200
1000111302220230
1000111302220203
1000111032223200
1000111032220230
1000111032220203
1000111002223230
1000111002223203
1000111002220233
1330111002220002
1303111002220002
1300111302220002
1300111032220002
1300111002223002
1300111002220302
1300111002220032
1033111002220002
1030111302220002
1030111032220002
1030111002223002
1030111002220302
1030111002220032
1003111302220002
1003111032220002
1003111002223002
1003111002220302
1003111002220032
1000111332220002
1000111302223002
1000111302220302
1000111302220032
1000111032223002
1000111032220302
1000111032220032
1000111002223302
1000111002223032
1000111002220332
1330111002000222
1303111002000222
1300111302000222
1300111032000222
1300111002300222
1300111002030222
1300111002003222
1033111002000222
1030111302000222
1030111032000222
1030111002300222
1030111002030222
1030111002003222
1003111302000222
1003111032000222
1003111002300222
1003111002030222
1003111002003222
1000111332000222
1000111302300222
1000111302030222
1000111302003222
1000111032300222
1000111032030222
1000111032003222
1000111002330222
1000111002303222
1000111002033222
1330111000202220
1303111000202220
1300111300202220
1300111030202220
1300111003202220
1300111000232220
1300111000202223
1033111000202220
1030111300202220
1030111030202220
1030111003202220
1030111000232220
1030111000202223
1003111300202220
1003111030202220
1003111003202220
1003111000232220
1003111000202223
1000111330202220
1000111303202220
1000111300232220
1000111300202223
1000111033202220
1000111030232220
1000111030202223
1000111003232220
1000111003202223
1000111000232223
1330111000020222
1303111000020222
1300111300020222
1300111030020222
1300111003020222
1300111000320222
1300111000023222
1033111000020222
1030111300020222
1030111030020222
1030111003020222
1030111000320222
1030111000023222
1003111300020222
1003111030020222
1003111003020222
1003111000320222
1003111000023222
1000111330020222
1000111303020222
1000111300320222
1000111300023222
1000111033020222
1000111030320222
1000111030023222
1000111003320222
1000111003023222
1000111000323222
1222123311000000
1222123011300000
1222123011030000
1222123011003000
1222123011000300
1222123011000030
1222123011000003
1222120311300000
1222120311030000
1222120311003000
1222120311000300
1222120311000030
1222120311000003
1222120011330000
1222120011303000
1222120011300300
1222120011300030
1222120011300003
1222120011033000
1222120011030300
1222120011030030
1222120011030003
1222120011003300
1222120011003030
1222120011003003
1222120011000330
1222120011000303
1222120011000033
1222133211000000
1222130211300000
1222130211030000
1222130211003000
1222130211000300
1222130211000030
1222130211000003
1222103211300000
1222103211030000
1222103211003000
1222103211000300
1222103211000030
1222103211000003
1222100211330000
1222100211303000
1222100211300300
1222100211300030
1222100211300003
1222100211033000
1222100211030300
1222100211030030
1222100211030003
1222100211003300
1222100211003030
1222100211003003
1222100211000330
1222100211000303
1222100211000033
1223132011200000
1223102311200000
1223102011230000
1223102011203000
1223102011200300
1223102011200030
1223102011200003
1220132311200000
1220132011230000
1220132011203000
1220132011200300
1220132011200030
1220132011200003
1220102311230000
1220102311203000
1220102311200300
1220102311200030
1220102311200003
1220102011233000
1220102011230300
1220102011230030
1220102011230003
1220102011203300
1220102011203030
1220102011203003
1220102011200330
1220102011200303
1220102011200033
1233122211000000
1230122211300000
1230122211030000
1230122211003000
1230122211000300
1230122211000030
1230122211000003
1203122211300000
1203122211030000
1203122211003000
1203122211000300
1203122211000030
1203122211000003
1200122211330000
1200122211303000
1200122211300300
1200122211300030
1200122211300003
1200122211033000
1200122211030300
1200122211030030
1200122211030003
1200122211003300
1200122211003030
1200122211003003
1200122211000330
1200122211000303
1200122211000033
1322132011200000
1322102311200000
1322102011230000
1322102011203000
1322102011200300
1322102011200030
1322102011200003
1022132311200000
1022132011230000
1022132011203000
1022132011200300
1022132011200030
1022132011200003
1022102311230000
1022102311203000
1022102311200300
1022102311200030
1022102311200003
1022102011233000
1022102011230300
1022102011230030
1022102011230003
1022102011203300
1022102011203030
1022102011203003
1022102011200330
1022102011200303
1022102011200033
1322130211020000
1322103211020000
1322100211320000
1322100211023000
1322100211020300
1322100211020030
1322100211020003
1022133211020000
1022130211320000
1022130211023000
1022130211020300
1022130211020030
1022130211020003
1022103211320000
1022103211023000
1022103211020300
1022103211020030
1022103211020003
1022100211323000
1022100211320300
1022100211320030
1022100211320003
1022100211023300
1022100211023030
1022100211023003
1022100211020330
1022100211020303
1022100211020033
1323102011220000
1320132011220000
1320102311220000
1320102011223000
1320102011220300
1320102011220030
1320102011220003
1023132011220000
1023102311220000
1023102011223000
1023102011220300
1023102011220030
1023102011220003
1020132311220000
1020132011223000
1020132011220300
1020132011220030
1020132011220003
1020102311223000
1020102311220300
1020102311220030
1020102311220003
1020102011223300
1020102011223030
1020102011223003
1020102011220330
1020102011220303
1020102011220033
1332122211000000
1302122211300000
1302122211030000
1302122211003000
1302122211000300
1302122211000030
1302122211000003
1032122211300000
1032122211030000
1032122211003000
1032122211000300
1032122211000030
1032122211000003
1002122211330000
1002122211303000
1002122211300300
1002122211300030
1002122211300003
1002122211033000
1002122211030300
1002122211030030
1002122211030003
1002122211003300
1002122211003030
1002122211003003
1002122211000330
1002122211000303
1002122211000033
1332100211220000
1302130211220000
1302103211220000
1302100211223000
1302100211220300
1302100211220030
1302100211220003
1032130211220000
1032103211220000
1032100211223000
1032100211220300
1032100211220030
1032100211220003
1002133211220000
1002130211223000
1002130211220300
1002130211220030
1002130211220003
1002103211223000
1002103211220300
1002103211220030
1002103211220003
1002100211223300
1002100211223030
1002100211223003
1002100211220330
1002100211220303
1002100211220033
1330122211020000
1303122211020000
1300122211320000
1300122211023000
1300122211020300
1300122211020030
1300122211020003
1033122211020000
1030122211320000
1030122211023000
1030122211020300
1030122211020030
1030122211020003
1003122211320000
1003122211023000
1003122211020300
1003122211020030
1003122211020003
1000122211323000
1000122211320300
1000122211320030
1000122211320003
1000122211023300
1000122211023030
1000122211023003
1000122211020330
1000122211020303
1000122211020033
1330122011200020
1303122011200020
1300122311200020
1300122011230020
1300122011203020
1300122011200320
1300122011200023
1033122011200020
1030122311200020
1030122011230020
1030122011203020
1030122011200320
1030122011200023
1003122311200020
1003122011230020
1003122011203020
1003122011200320
1003122011200023
1000122311230020
1000122311203020
1000122311200320
1000122311200023
1000122011233020
1000122011230320
1000122011230023
1000122011203320
1000122011203023
1000122011200323
1330102211200020
1303102211200020
1300132211200020
1300102211230020
1300102211203020
1300102211200320
1300102211200023
1033102211200020
1030132211200020
1030102211230020
1030102211203020
1030102211200320
1030102211200023
1003132211200020
1003102211230020
1003102211203020
1003102211200320
1003102211200023
1000132211230020
1000132211203020
1000132211200320
1000132211200023
1000102211233020
1000102211230320
1000102211230023
1000102211203320
1000102211203023
1000102211200323
1330102211020002
1303102211020002
1300132211020002
1300102211320002
1300102211023002
1300102211020302
1300102211020032
1033102211020002
1030132211020002
1030102211320002
1030102211023002
1030102211020302
1030102211020032
1003132211020002
1003102211320002
1003102211023002
1003102211020302
1003102211020032
1000132211320002
1000132211023002
1000132211020302
1000132211020032
1000102211323002
1000102211320302
1000102211320032
1000102211023302
1000102211023032
1000102211020332
1330102011200220
1303102011200220
1300132011200220
1300102311200220
1300102011230220
1300102011203220
1300102011200223
1033102011200220
1030132011200220
1030102311200220
1030102011230220
1030102011203220
1030102011200223
1003132011200220
1003102311200220
1003102011230220
1003102011203220
1003102011200223
1000132311200220
1000132011230220
1000132011203220
1000132011200223
1000102311230220
1000102311203220
1000102311200223
1000102011233220
1000102011230223
1000102011203223
1330102011200022
1303102011200022
1300132011200022
1300102311200022
1300102011230022
1300102011203022
1300102011200322
1033102011200022
1030132011200022
1030102311200022
1030102011230022
1030102011203022
1030102011200322
1003132011200022
1003102311200022
1003102011230022
1003102011203022
1003102011200322
1000132311200022
1000132011230022
1000132011203022
1000132011200322
1000102311230022
1000102311203022
1000102311200322
1000102011233022
1000102011230322
1000102011203322
1330100211020022
1303100211020022
1300130211020022
1300103211020022
1300100211320022
1300100211023022
1300100211020322
1033100211020022
1030130211020022
1030103211020022
1030100211320022
1030100211023022
1030100211020322
1003130211020022
1003103211020022
1003100211320022
1003100211023022
1003100211020322
1000133211020022
1000130211320022
1000130211023022
1000130211020322
1000103211320022
1000103211023022
1000103211020322
1000100211323022
1000100211320322
1000100211023322
1330100011202220
1303100011202220
1300130011202220
1300103011202220
1300100311202220
1300100011232220
1300100011202223
1033100011202220
1030130011202220
1030103011202220
1030100311202220
1030100011232220
1030100011202223
1003130011202220
1003103011202220
1003100311202220
1003100011232220
1003100011202223
1000133011202220
1000130311202220
1000130011232220
1000130011202223
1000103311202220
1000103011232220
1000103011202223
1000100311232220
1000100311202223
1000100011232223
1330100011020222
1303100011020222
1300130011020222
1300103011020222
1300100311020222
1300100011320222
1300100011023222
1033100011020222
1030130011020222
1030103011020222
1030100311020222
1030100011320222
1030100011023222
1003130011020222
1003103011020222
1003100311020222
1003100011320222
1003100011023222
1000133011020222
1000130311020222
1000130011320222
1000130011023222
1000103311020222
1000103011320222
1000103011023222
1000100311320222
1000100311023222
1000100011323222
3112310201220000
3112013201220000
3112010231220000
3112010201223000
3112010201220300
3112010201220030
3112010201220003
0112313201220000
0112310231220000
0112310201223000
0112310201220300
0112310201220030
0112310201220003
0112013231220000
0112013201223000
0112013201220300
0112013201220030
0112013201220003
0112010231223000
0112010231220300
0112010231220030
0112010231220003
0112010201223300
0112010201223030
0112010201223003
0112010201220330
0112010201220303
0112010201220033
3113210021002200
3110213021002200
3110210321002200
3110210021302200
3110210021032200
3110210021002230
3110210021002203
0113213021002200
0113210321002200
0113210021302200
0113210021032200
0113210021002230
0113210021002203
0110213321002200
0110213021302200
0110213021032200
0110213021002230
0110213021002203
0110210321302200
0110210321032200
0110210321002230
0110210321002203
0110210021332200
0110210021302230
0110210021302203
0110210021032230
0110210021032203
0110210021002233
3113012201200020
3110312201200020
3110012231200020
3110012201230020
3110012201203020
3110012201200320
3110012201200023
0113312201200020
0113012231200020
0113012201230020
0113012201203020
0113012201200320
0113012201200023
0110312231200020
0110312201230020
0110312201203020
0110312201200320
0110312201200023
0110012231230020
0110012231203020
0110012231200320
0110012231200023
0110012201233020
0110012201230320
0110012201230023
0110012201203320
0110012201203023
0110012201200323
3113012201020002
3110312201020002
3110012231020002
3110012201320002
3110012201023002
3110012201020302
3110012201020032
0113312201020002
0113012231020002
0113012201320002
0113012201023002
0113012201020302
0113012201020032
0110312231020002
0110312201320002
0110312201023002
0110312201020302
0110312201020032
0110012231320002
0110012231023002
0110012231020302
0110012231020032
0110012201323002
0110012201320302
0110012201320032
0110012201023302
0110012201023032
0110012201020332
3113012001200220
3110312001200220
3110012301200220
3110012031200220
3110012001230220
3110012001203220
3110012001200223
0113312001200220
0113012301200220
0113012031200220
0113012001230220
0113012001203220
0113012001200223
0110312301200220
0110312031200220
0110312001230220
0110312001203220
0110312001200223
0110012331200220
0110012301230220
0110012301203220
0110012301200223
0110012031230220
0110012031203220
0110012031200223
0110012001233220
0110012001230223
0110012001203223
3113012001200022
3110312001200022
3110012301200022
3110012031200022
3110012001230022
3110012001203022
3110012001200322
0113312001200022
0113012301200022
0113012031200022
0113012001230022
0113012001203022
0113012001200322
0110312301200022
0110312031200022
0110312001230022
0110312001203022
0110312001200322
0110012331200022
0110012301230022
0110012301203022
0110012301200322
0110012031230022
0110012031203022
0110012031200322
0110012001233022
0110012001230322
0110012001203322
3113010201020022
3110310201020022
3110013201020022
3110010231020022
3110010201320022
3110010201023022
3110010201020322
0113310201020022
0113013201020022
0113010231020022
0113010201320022
0113010201023022
0113010201020322
0110313201020022
0110310231020022
0110310201320022
0110310201023022
0110310201020322
0110013231020022
0110013201320022
0110013201023022
0110013201020322
0110010231320022
0110010231023022
0110010231020322
0110010201323022
0110010201320322
0110010201023322
3113010021002220
3110310021002220
3110013021002220
3110010321002220
3110010021302220
3110010021032220
3110010021002223
0113310021002220
0113013021002220
0113010321002220
0113010021302220
0113010021032220
0113010021002223
0110313021002220
0110310321002220
0110310021302220
0110310021032220
0110310021002223
0110013321002220
0110013021302220
0110013021032220
0110013021002223
0110010321302220
0110010321032220
0110010321002223
0110010021332220
0110010021302223
0110010021032223
3113010001202220
3110310001202220
3110013001202220
3110010301202220
3110010031202220
3110010001232220
3110010001202223
0113310001202220
0113013001202220
0113010301202220
0113010031202220
0113010001232220
0113010001202223
0110313001202220
0110310301202220
0110310031202220
0110310001232220
0110310001202223
0110013301202220
0110013031202220
0110013001232220
0110013001202223
0110010331202220
0110010301232220
0110010301202223
0110010031232220
0110010031202223
0110010001232223
3113010001020222
3110310001020222
3110013001020222
3110010301020222
3110010031020222
3110010001320222
3110010001023222
0113310001020222
0113013001020222
0113010301020222
0113010031020222
0113010001320222
0113010001023222
0110313001020222
0110310301020222
0110310031020222
0110310001320222
0110310001023222
0110013301020222
0110013031020222
0110013001320222
0110013001023222
0110010331020222
0110010301320222
0110010301023222
0110010031320222
0110010031023222
0110010001323222
2113231022100000
2113201322100000
2113201022130000
2113201022103000
2113201022100300
2113201022100030
2113201022100003
2110231322100000
2110231022130000
2110231022103000
2110231022100300
2110231022100030
2110231022100003
2110201322130000
2110201322103000
2110201322100300
2110201322100030
2110201322100003
2110201022133000
2110201022130300
2110201022130030
2110201022130003
2110201022103300
2110201022103030
2110201022103003
2110201022100330
2110201022100303
2110201022100033
3113221020102000
3110221320102000
3110221023102000
3110221020132000
3110221020102300
3110221020102030
3110221020102003
0113221320102000
0113221023102000
0113221020132000
0113221020102300
0113221020102030
0113221020102003
0110221323102000
0110221320132000
0110221320102300
0110221320102030
0110221320102003
0110221023132000
0110221023102300
0110221023102030
0110221023102003
0110221020132300
0110221020132030
0110221020132003
0110221020102330
0110221020102303
0110221020102033
3113221002100200
3110221302100200
3110221032100200
3110221002130200
3110221002103200
3110221002100230
3110221002100203
0113221302100200
0113221032100200
0113221002130200
0113221002103200
0113221002100230
0113221002100203
0110221332100200
0110221302130200
0110221302103200
0110221302100230
0110221302100203
0110221032130200
0110221032103200
0110221032100230
0110221032100203
0110221002133200
0110221002130230
0110221002130203
0110221002103230
0110221002103203
0110221002100233
3113201020102200
3110231020102200
3110201320102200
3110201023102200
3110201020132200
3110201020102230
3110201020102203
0113231020102200
0113201320102200
0113201023102200
0113201020132200
0113201020102230
0113201020102203
0110231320102200
0110231023102200
0110231020132200
0110231020102230
0110231020102203
0110201323102200
0110201320132200
0110201320102230
0110201320102203
0110201023132200
0110201023102230
0110201023102203
0110201020132230
0110201020132203
0110201020102233
3113021002102200
3110321002102200
3110021302102200
3110021032102200
3110021002132200
3110021002102230
3110021002102203
0113321002102200
0113021302102200
0113021032102200
0113021002132200
0113021002102230
0113021002102203
0110321302102200
0110321032102200
0110321002132200
0110321002102230
0110321002102203
0110021332102200
0110021302132200
0110021302102230
0110021302102203
0110021032132200
0110021032102230
0110021032102203
0110021002132230
0110021002132203
0110021002102233
3113021002100220
3110321002100220
3110021302100220
3110021032100220
3110021002130220
3110021002103220
3110021002100223
0113321002100220
0113021302100220
0113021032100220
0113021002130220
0113021002103220
0113021002100223
0110321302100220
0110321032100220
0110321002130220
0110321002103220
0110321002100223
0110021332100220
0110021302130220
0110021302103220
0110021302100223
0110021032130220
0110021032103220
0110021032100223
0110021002133220
0110021002130223
0110021002103223
3113001200120022
3110301200120022
3110031200120022
3110001230120022
3110001203120022
3110001200123022
3110001200120322
0113301200120022
0113031200120022
0113001230120022
0113001203120022
0113001200123022
0113001200120322
0110331200120022
0110301230120022
0110301203120022
0110301200123022
0110301200120322
0110031230120022
0110031203120022
0110031200123022
0110031200120322
0110001233120022
0110001230123022
0110001230120322
0110001203123022
0110001203120322
0110001200123322
3113001020102220
3110301020102220
3110031020102220
3110001320102220
3110001023102220
3110001020132220
3110001020102223
0113301020102220
0113031020102220
0113001320102220
0113001023102220
0113001020132220
0113001020102223
0110331020102220
0110301320102220
0110301023102220
0110301020132220
0110301020102223
0110031320102220
0110031023102220
0110031020132220
0110031020102223
0110001323102220
0110001320132220
0110001320102223
0110001023132220
0110001023102223
0110001020132223
3113001002100222
3110301002100222
3110031002100222
3110001302100222
3110001032100222
3110001002130222
3110001002103222
0113301002100222
0113031002100222
0113001302100222
0113001032100222
0113001002130222
0113001002103222
0110331002100222
0110301302100222
0110301032100222
0110301002130222
0110301002103222
0110031302100222
0110031032100222
0110031002130222
0110031002103222
0110001332100222
0110001302130222
0110001302103222
0110001032130222
0110001032103222
0110001002133222
3113001000120222
3110301000120222
3110031000120222
3110001300120222
3110001030120222
3110001003120222
3110001000123222
0113301000120222
0113031000120222
0113001300120222
0113001030120222
0113001003120222
0113001000123222
0110331000120222
0110301300120222
0110301030120222
0110301003120222
0110301000123222
0110031300120222
0110031030120222
0110031003120222
0110031000123222
0110001330120222
0110001303120222
0110001300123222
0110001033120222
0110001030123222
0110001003123222
2133211122000000
2130211122300000
2130211122030000
2130211122003000
2130211122000300
2130211122000030
2130211122000003
2103211122300000
2103211122030000
2103211122003000
2103211122000300
2103211122000030
2103211122000003
2100211122330000
2100211122303000
2100211122300300
2100211122300030
2100211122300003
2100211122033000
2100211122030300
2100211122030030
2100211122030003
2100211122003300
2100211122003030
2100211122003003
2100211122000330
2100211122000303
2100211122000033
3130211122200000
3103211122200000
3100211122230000
3100211122203000
3100211122200300
3100211122200030
3100211122200003
0133211122200000
0130211122230000
0130211122203000
0130211122200300
0130211122200030
0130211122200003
0103211122230000
0103211122203000
0103211122200300
0103211122200030
0103211122200003
0100211122233000
0100211122230300
0100211122230030
0100211122230003
0100211122203300
0100211122203030
0100211122203003
0100211122200330
0100211122200303
0100211122200033
3130211120002200
3103211120002200
3100211123002200
3100211120302200
3100211120032200
3100211120002230
3100211120002203
0133211120002200
0130211123002200
0130211120302200
0130211120032200
0130211120002230
0130211120002203
0103211123002200
0103211120302200
0103211120032200
0103211120002230
0103211120002203
0100211123302200
0100211123032200
0100211123002230
0100211123002203
0100211120332200
0100211120302230
0100211120302203
0100211120032230
0100211120032203
0100211120002233
3130011122202000
3103011122202000
3100311122202000
3100011122232000
3100011122202300
3100011122202030
3100011122202003
0133011122202000
0130311122202000
0130011122232000
0130011122202300
0130011122202030
0130011122202003
0103311122202000
0103011122232000
0103011122202300
0103011122202030
0103011122202003
0100311122232000
0100311122202300
0100311122202030
0100311122202003
0100011122232300
0100011122232030
0100011122232003
0100011122202330
0100011122202303
0100011122202033
3130011122200020
3103011122200020
3100311122200020
3100011122230020
3100011122203020
3100011122200320
3100011122200023
0133011122200020
0130311122200020
0130011122230020
0130011122203020
0130011122200320
0130011122200023
0103311122200020
0103011122230020
0103011122203020
0103011122200320
0103011122200023
0100311122230020
0100311122203020
0100311122200320
0100311122200023
0100011122233020
0100011122230320
0100011122230023
0100011122203320
0100011122203023
0100011122200323
3130011120002220
3103011120002220
3100311120002220
3100011123002220
3100011120302220
3100011120032220
3100011120002223
0133011120002220
0130311120002220
0130011123002220
0130011120302220
0130011120032220
0130011120002223
0103311120002220
0103011123002220
0103011120302220
0103011120032220
0103011120002223
0100311123002220
0100311120302220
0100311120032220
0100311120002223
0100011123302220
0100011123032220
0100011123002223
0100011120332220
0100011120302223
0100011120032223
3130011102220200
3103011102220200
3100311102220200
3100011132220200
3100011102223200
3100011102220230
3100011102220203
0133011102220200
0130311102220200
0130011132220200
0130011102223200
0130011102220230
0130011102220203
0103311102220200
0103011132220200
0103011102223200
0103011102220230
0103011102220203
0100311132220200
0100311102223200
0100311102220230
0100311102220203
0100011132223200
0100011132220230
0100011132220203
0100011102223230
0100011102223203
0100011102220233
3130011102220002
3103011102220002
3100311102220002
3100011132220002
3100011102223002
3100011102220302
3100011102220032
0133011102220002
0130311102220002
0130011132220002
0130011102223002
0130011102220302
0130011102220032
0103311102220002
0103011132220002
0103011102223002
0103011102220302
0103011102220032
0100311132220002
0100311102223002
0100311102220302
0100311102220032
0100011132223002
0100011132220302
0100011132220032
0100011102223302
0100011102223032
0100011102220332
3130011102000222
3103011102000222
3100311102000222
3100011132000222
3100011102300222
3100011102030222
3100011102003222
0133011102000222
0130311102000222
0130011132000222
0130011102300222
0130011102030222
0130011102003222
0103311102000222
0103011132000222
0103011102300222
0103011102030222
0103011102003222
0100311132000222
0100311102300222
0100311102030222
0100311102003222
0100011132300222
0100011132030222
0100011132003222
0100011102330222
0100011102303222
0100011102033222
3130011100202220
3103011100202220
3100311100202220
3100011130202220
3100011103202220
3100011100232220
3100011100202223
0133011100202220
0130311100202220
0130011130202220
0130011103202220
0130011100232220
0130011100202223
0103311100202220
0103011130202220
0103011103202220
0103011100232220
0103011100202223
0100311130202220
0100311103202220
0100311100232220
0100311100202223
0100011133202220
0100011130232220
0100011130202223
0100011103232220
0100011103202223
0100011100232223
3130011100020222
3103011100020222
3100311100020222
3100011130020222
3100011103020222
3100011100320222
3100011100023222
0133011100020222
0130311100020222
0130011130020222
0130011103020222
0130011100320222
0130011100023222
0103311100020222
0103011130020222
0103011103020222
0103011100320222
0103011100023222
0100311130020222
0100311103020222
0100311100320222
0100311100023222
0100011133020222
0100011130320222
0100011130023222
0100011103320222
0100011103023222
0100011100323222
3122310201120000
3122013201120000
3122010231120000
3122010201123000
3122010201120300
3122010201120030
3122010201120003
0122313201120000
0122310231120000
0122310201123000
0122310201120300
0122310201120030
0122310201120003
0122013231120000
0122013201123000
0122013201120300
0122013201120030
0122013201120003
0122010231123000
0122010231120300
0122010231120030
0122010231120003
0122010201123300
0122010201123030
0122010201123003
0122010201120330
0122010201120303
0122010201120033
3130210021102200
3103210021102200
3100213021102200
3100210321102200
3100210021132200
3100210021102230
3100210021102203
0133210021102200
0130213021102200
0130210321102200
0130210021132200
0130210021102230
0130210021102203
0103213021102200
0103210321102200
0103210021132200
0103210021102230
0103210021102203
0100213321102200
0100213021132200
0100213021102230
0100213021102203
0100210321132200
0100210321102230
0100210321102203
0100210021132230
0100210021132203
0100210021102233
3130012201120002
3103012201120002
3100312201120002
3100012231120002
3100012201123002
3100012201120302
3100012201120032
0133012201120002
0130312201120002
0130012231120002
0130012201123002
0130012201120302
0130012201120032
0103312201120002
0103012231120002
0103012201123002
0103012201120302
0103012201120032
0100312231120002
0100312201123002
0100312201120302
0100312201120032
0100012231123002
0100012231120302
0100012231120032
0100012201123302
0100012201123032
0100012201120332
3130010201120022
3103010201120022
3100310201120022
3100013201120022
3100010231120022
3100010201123022
3100010201120322
0133010201120022
0130310201120022
0130013201120022
0130010231120022
0130010201123022
0130010201120322
0103310201120022
0103013201120022
0103010231120022
0103010201123022
0103010201120322
0100313201120022
0100310231120022
0100310201123022
0100310201120322
0100013231120022
0100013201123022
0100013201120322
0100010231123022
0100010231120322
0100010201123322
3130010021102220
3103010021102220
3100310021102220
3100013021102220
3100010321102220
3100010021132220
3100010021102223
0133010021102220
0130310021102220
0130013021102220
0130010321102220
0130010021132220
0130010021102223
0103310021102220
0103013021102220
0103010321102220
0103010021132220
0103010021102223
0100313021102220
0100310321102220
0100310021132220
0100310021102223
0100013321102220
0100013021132220
0100013021102223
0100010321132220
0100010321102223
0100010021132223
3130010001120222
3103010001120222
3100310001120222
3100013001120222
3100010301120222
3100010031120222
3100010001123222
0133010001120222
0130310001120222
0130013001120222
0130010301120222
0130010031120222
0130010001123222
0103310001120222
0103013001120222
0103010301120222
0103010031120222
0103010001123222
0100313001120222
0100310301120222
0100310031120222
0100310001123222
0100013301120222
0100013031120222
0100013001123222
0100010331120222
0100010301123222
0100010031123222
3312111200220000
3012111230220000
3012111203220000
3012111200223000
3012111200220300
3012111200220030
3012111200220003
0312111230220000
0312111203220000
0312111200223000
0312111200220300
0312111200220030
0312111200220003
0012111233220000
0012111230223000
0012111230220300
0012111230220030
0012111230220003
0012111203223000
0012111203220300
0012111203220030
0012111203220003
0012111200223300
0012111200223030
0012111200223003
0012111200220330
0012111200220303
0012111200220033
3310111202220000
3013111202220000
3010111232220000
3010111202223000
3010111202220300
3010111202220030
3010111202220003
0313111202220000
0310111232220000
0310111202223000
0310111202220300
0310111202220030
0310111202220003
0013111232220000
0013111202223000
0013111202220300
0013111202220030
0013111202220003
0010111232223000
0010111232220300
0010111232220030
0010111232220003
0010111202223300
0010111202223030
0010111202223003
0010111202220330
0010111202220303
0010111202220033
3310111200020022
3013111200020022
3010111230020022
3010111203020022
3010111200320022
3010111200023022
3010111200020322
0313111200020022
0310111230020022
0310111203020022
0310111200320022
0310111200023022
0310111200020322
0013111230020022
0013111203020022
0013111200320022
0013111200023022
0013111200020322
0010111233020022
0010111230320022
0010111230023022
0010111230020322
0010111203320022
0010111203023022
0010111203020322
0010111200323022
0010111200320322
0010111200023322
3310111022202000
3013111022202000
3010111322202000
3010111022232000
3010111022202300
3010111022202030
3010111022202003
0313111022202000
0310111322202000
0310111022232000
0310111022202300
0310111022202030
0310111022202003
0013111322202000
0013111022232000
0013111022202300
0013111022202030
0013111022202003
0010111322232000
0010111322202300
0010111322202030
0010111322202003
0010111022232300
0010111022232030
0010111022232003
0010111022202330
0010111022202303
0010111022202033
3310111022200020
3013111022200020
3010111322200020
3010111022230020
3010111022203020
3010111022200320
3010111022200023
0313111022200020
0310111322200020
0310111022230020
0310111022203020
0310111022200320
0310111022200023
0013111322200020
0013111022230020
0013111022203020
0013111022200320
0013111022200023
0010111322230020
0010111322203020
0010111322200320
0010111322200023
0010111022233020
0010111022230320
0010111022230023
0010111022203320
0010111022203023
0010111022200323
3310111020002220
3013111020002220
3010111320002220
3010111023002220
3010111020302220
3010111020032220
3010111020002223
0313111020002220
0310111320002220
0310111023002220
0310111020302220
0310111020032220
0310111020002223
0013111320002220
0013111023002220
0013111020302220
0013111020032220
0013111020002223
0010111323002220
0010111320302220
0010111320032220
0010111320002223
0010111023302220
0010111023032220
0010111023002223
0010111020332220
0010111020302223
0010111020032223
3310111002220200
3013111002220200
3010111302220200
3010111032220200
3010111002223200
3010111002220230
3010111002220203
0313111002220200
0310111302220200
0310111032220200
0310111002223200
0310111002220230
0310111002220203
0013111302220200
0013111032220200
0013111002223200
0013111002220230
0013111002220203
0010111332220200
0010111302223200
0010111302220230
0010111302220203
0010111032223200
0010111032220230
0010111032220203
0010111002223230
0010111002223203
0010111002220233
3310111002220002
3013111002220002
3010111302220002
3010111032220002
3010111002223002
3010111002220302
3010111002220032
0313111002220002
0310111302220002
0310111032220002
0310111002223002
0310111002220302
0310111002220032
0013111302220002
0013111032220002
0013111002223002
0013111002220302
0013111002220032
0010111332220002
0010111302223002
0010111302220302
0010111302220032
0010111032223002
0010111032220302
0010111032220032
0010111002223302
0010111002223032
0010111002220332
3310111002000222
3013111002000222
3010111302000222
3010111032000222
3010111002300222
3010111002030222
3010111002003222
0313111002000222
0310111302000222
0310111032000222
0310111002300222
0310111002030222
0310111002003222
0013111302000222
0013111032000222
0013111002300222
0013111002030222
0013111002003222
0010111332000222
0010111302300222
0010111302030222
0010111302003222
0010111032300222
0010111032030222
0010111032003222
0010111002330222
0010111002303222
0010111002033222
3310111000202220
3013111000202220
3010111300202220
3010111030202220
3010111003202220
3010111000232220
3010111000202223
0313111000202220
0310111300202220
0310111030202220
0310111003202220
0310111000232220
0310111000202223
0013111300202220
0013111030202220
0013111003202220
0013111000232220
0013111000202223
0010111330202220
0010111303202220
0010111300232220
0010111300202223
0010111033202220
0010111030232220
0010111030202223
0010111003232220
0010111003202223
0010111000232223
3310111000020222
3013111000020222
3010111300020222
3010111030020222
3010111003020222
3010111000320222
3010111000023222
0313111000020222
0310111300020222
0310111030020222
0310111003020222
0310111000320222
0310111000023222
0013111300020222
0013111030020222
0013111003020222
0013111000320222
0013111000023222
0010111330020222
0010111303020222
0010111300320222
0010111300023222
0010111033020222
0010111030320222
0010111030023222
0010111003320222
0010111003023222
0010111000323222
2213231021100000
2213201321100000
2213201021130000
2213201021103000
2213201021100300
2213201021100030
2213201021100003
2210231321100000
2210231021130000
2210231021103000
2210231021100300
2210231021100030
2210231021100003
2210201321130000
2210201321103000
2210201321100300
2210201321100030
2210201321100003
2210201021133000
2210201021130300
2210201021130030
2210201021130003
2210201021103300
2210201021103030
2210201021103003
2210201021100330
2210201021100303
2210201021100033
3310221021102000
3013221021102000
3010221321102000
3010221021132000
3010221021102300
3010221021102030
3010221021102003
0313221021102000
0310221321102000
0310221021132000
0310221021102300
0310221021102030
0310221021102003
0013221321102000
0013221021132000
0013221021102300
0013221021102030
0013221021102003
0010221321132000
0010221321102300
0010221321102030
0010221321102003
0010221021132300
0010221021132030
0010221021132003
0010221021102330
0010221021102303
0010221021102033
3310201021102200
3013201021102200
3010231021102200
3010201321102200
3010201021132200
3010201021102230
3010201021102203
0313201021102200
0310231021102200
0310201321102200
0310201021132200
0310201021102230
0310201021102203
0013231021102200
0013201321102200
0013201021132200
0013201021102230
0013201021102203
0010231321102200
0010231021132200
0010231021102230
0010231021102203
0010201321132200
0010201321102230
0010201321102203
0010201021132230
0010201021132203
0010201021102233
3310001201120022
3013001201120022
3010301201120022
3010031201120022
3010001231120022
3010001201123022
3010001201120322
0313001201120022
0310301201120022
0310031201120022
0310001231120022
0310001201123022
0310001201120322
0013301201120022
0013031201120022
0013001231120022
0013001201123022
0013001201120322
0010331201120022
0010301231120022
0010301201123022
0010301201120322
0010031231120022
0010031201123022
0010031201120322
0010001231123022
0010001231120322
0010001201123322
3310001021102220
3013001021102220
3010301021102220
3010031021102220
3010001321102220
3010001021132220
3010001021102223
0313001021102220
0310301021102220
0310031021102220
0310001321102220
0310001021132220
0310001021102223
0013301021102220
0013031021102220
0013001321102220
0013001021132220
0013001021102223
0010331021102220
0010301321102220
0010301021132220
0010301021102223
0010031321102220
0010031021132220
0010031021102223
0010001321132220
0010001321102223
0010001021132223
3310001001120222
3013001001120222
3010301001120222
3010031001120222
3010001301120222
3010001031120222
3010001001123222
0313001001120222
0310301001120222
0310031001120222
0310001301120222
0310001031120222
0310001001123222
0013301001120222
0013031001120222
0013001301120222
0013001031120222
0013001001123222
0010331001120222
0010301301120222
0010301031120222
0010301001123222
0010031301120222
0010031031120222
0010031001123222
0010001331120222
0010001301123222
0010001031123222
